-1.6544974096294631	-21.57393318408782
-1.4326486600131068	-21.6026663140904
-1.2865206243348686	-21.658482345840195
-1.1773761549098007	-21.6367712211803
-1.0902259791909006	-21.645189835268052
-1.0176753120422888	-21.739788556981786
-0.9555274052934443	-21.65297534708782
-0.9011697429708516	-21.715062592545248
-0.8528650633962965	-21.69258314721115
-0.8093993696152063	-21.733312023728256
-0.7698908283315327	-21.72016233624882
-0.7336786556770879	-21.71574039410789
-0.7002549001901383	-21.747767578456852
-0.6692206664501694	-21.785704074276577
-0.6402569705148529	-21.782666939263212
-0.6131047244712381	-21.82275500859736
-0.5875506199988499	-21.78045230151136
-0.5634169402821306	-21.826409721905733
-0.5405540573226263	-21.820433089484474
-0.51883480762939	-21.830218930772734
-0.49815020876953897	-21.843623656287097
-0.47840615057378183	-21.842552187059482
-0.4595208064134081	-21.854775671284656
-0.4414225843206119	-21.873037581657716
-0.4240484882511892	-21.869459921445554
-0.4073427947483365	-21.89827002607721
-0.39125597485488167	-21.884868168058524
-0.37574380867663415	-21.9177233359862
-0.36076665270698133	-21.89637589272391
-0.3462888293383585	-21.922830591800338
-0.3322781148955438	-21.915140297954736
-0.3187053077062699	-21.927044898544388
-0.3055438616482991	-21.933618993587533
-0.29276957361187017	-21.93144450516444
-0.28036031563005026	-21.945437666617785
-0.26829580422866967	-21.951876906647914
-0.25655740095742546	-21.958830188403443
-0.2451279391766436	-21.95759371625429
-0.23399157305868412	-21.962523649458667
-0.22313364547047576	-21.978159645122595
-0.2125405719730516	-21.983430800687337
-0.20219973863483282	-21.991915440940932
-0.192099411730507	-21.97997926628208
-0.18222865770421273	-22.00461010562847
-0.17257727202803194	-22.003982074313374
-0.16313571579519043	-22.02077375483194
-0.15389505906027776	-22.00955141160507
-0.14484693008288071	-22.021963961588533
-0.13598346975157563	-22.017683008543806
-0.12729729056648295	-22.03345002747819
-0.11878143964395335	-22.030730198601788
-0.11042936527918747	-22.046606872015804
-0.10223488666391588	-22.051747104897938
-0.09419216640850187	-22.061544410784226
-0.08629568556246811	-22.053422429733715
-0.0785402208657058	-22.06430709929058
-0.07092082399551382	-22.071007642178106
-0.0634328026029639	-22.074130315743044
-0.05607170295659477	-22.083305481308823
-0.04883329403267543	-22.082492176976107
-0.041713552909727614	-22.084705034792048
-0.03470865134106912	-22.09537743755149
-0.027814943393168652	-22.088405649142288
-0.021028954049876588	-22.11316061791653
-0.014347368693361274	-22.099985771004324
-0.007767023382039727	-22.123219274000142
-0.0012848958541194363	-22.116282939613203
0.005101902807281231	-22.121491267377362
0.01139613590496951	-22.12423548973571
0.017600448306254395	-22.130925145532593
0.02371737311593627	-22.142240062339575
0.02974933788584932	-22.14358245989091
0.035698670399050586	-22.14102456941348
0.041567604063148494	-22.157715174218865
0.047358282944043865	-22.15110549999329
0.05307276646847329	-22.16589279207216
0.05871303382116594	-22.16822486741978
0.06428098806010825	-22.176295967712583
0.06977845997132597	-22.180435718328884
0.07520721168272416	-22.18421669109595
0.08056894005483231	-22.18779794647637
0.08586527986478076	-22.18808054659999
0.09109780679845773	-22.199343389990148
0.09626804026454804	-22.201215840562174
0.10137744604302831	-22.205308655555164
0.10642743877966987	-22.21045915995855
0.11141938433716894	-22.211952710951618
0.1163546020126811	-22.221758164837336
0.12123436663076761	-22.216352288209315
0.126059910520059	-22.232313457491266
0.13083242538130394	-22.234667313061838
0.13555306405388826	-22.243310102186992
0.14022294218737347	-22.24401618390196
0.14484313982411862	-22.24758485495069
0.14941470289860198	-22.251686216482106
0.15393864465864826	-22.263266570015684
0.15841594701339248	-22.26229977845478
0.16284756181246737	-22.268003596883663
0.16723441206058115	-22.27378437989344
0.17157739307136333	-22.281813735642004
0.17587737356408736	-22.281308340773922
0.18013519670662878	-22.29209654966569
0.1843516811077922	-22.293444090382497
0.18852762176192844	-22.301742174280136
0.19266379094856714	-22.303633088526052
0.19676093908961217	-22.30946626836849
0.20081979556647983	-22.31215471236604
0.20484106949940398	-22.324652541213247
0.2088254504909928	-22.320961734342323
0.2127736093359852	-22.332272545070484
0.21668619869903516	-22.33207003768381
0.22056385376223694	-22.339696475152575
0.2244071928439972	-22.34516831067961
0.22821681799076246	-22.349840260729714
0.23199331554301877	-22.355967724547945
0.23573725667689346	-22.364722043734687
0.23944919792261074	-22.365363677260827
0.24312968166097831	-22.37488708640761
0.24677923659901219	-22.380692345434095
0.25039837822574285	-22.38369514566908
0.2539876092491866	-22.38798956468976
0.257547420015407	-22.393354297050486
0.2610782889105402	-22.397715446496246
0.2645806827466108	-22.40767584568906
0.26805505713191263	-22.40924687253875
0.27150185682669237	-22.420154528975907
0.2749215160848296	-22.421990019651297
0.278314458982169	-22.4277725472847
0.2816810997321263	-22.428949233483696
0.2850218429891554	-22.441595861067675
0.28833708414063236	-22.440541925068977
0.2916272095876823	-22.449946749515355
0.2948925970154497	-22.4536323313148
0.29813361565328245	-22.465057400374008
0.3013506265252802	-22.466165440296013
0.3045439826916305	-22.471827103727698
0.3077140294811371	-22.480550351348548
0.310861104715323	-22.48383630819077
0.31398553892447206	-22.492063762387186
0.3170876555559543	-22.49739741300842
0.3201677711751647	-22.503494603971127
0.3232261956593847	-22.508385835317792
0.32626323238486676	-22.51259131219354
0.3292791784074223	-22.52264922376825
0.3322743246367818	-22.52289273490056
0.3352489560049839	-22.53452955106686
0.3382033516290375	-22.539374508217872
0.34113778496808683	-22.544774183073383
0.34405252397530406	-22.551579970152087
0.34694783124471784	-22.56075652950302
0.3498239641531795	-22.561937717046423
0.35268117499766033	-22.574399439698244
0.35551971112806097	-22.5727627637446
0.3583398150757091	-22.582443791481396
0.361141724677712	-22.588904145101665
0.36392567319732294	-22.596472237430152
0.366691889440475	-22.600359446707056
0.369440597868626	-22.60915389666092
0.3721720187080556	-22.615510440537893
0.37488636805574654	-22.622544603205938
0.3775838579819774	-22.626396145866522
0.3802646966297488	-22.633896343785807
0.38292908831116057	-22.643962311175287
0.3855772336008488	-22.647402556844636
0.3882093294265932	-22.653284222822855
0.39082556915719435	-22.663754770943818
0.39342614268771975	-22.66939188958604
0.3960112365222131	-22.678004546222077
0.39858103385395666	-22.67819840081992
0.4011357146433722	-22.687570872971616
0.40367545569364494	-22.69319892184
0.4062004307241486	-22.70272484351218
0.40871081044174823	-22.707007931308258
0.41120676261005434	-22.714150143586494
0.4136884521166986	-22.724208314834602
0.4161560410386971	-22.73127580561721
0.41860968870596854	-22.73684810484571
0.4210495517630677	-22.74320331016128
0.42347578422919363	-22.7499282228068
0.4258885375565324	-22.75771049642602
0.428287960686987	-22.763919287573405
0.4306742001073492	-22.77310923084524
0.43304739990296376	-22.773254665935877
0.4354077018099348	-22.785318131621207
0.43775524526592036	-22.790095807737018
0.44009016745956203	-22.80004001780817
0.44241260337859334	-22.80573716360801
0.44472268585666735	-22.818209908981046
0.4470205456189468	-22.818083029497213
0.4493063113264938	-22.82911250148255
0.45158010961949724	-22.832796541659082
0.45384206515937514	-22.84336694903668
0.45609230066978584	-22.84709365920385
0.4583309369765822	-22.8592340393087
0.4605580930467412	-22.863775656534166
0.46277388602630115	-22.872429681000668
0.46497843127733474	-22.88016575353887
0.4671718424139895	-22.885583477096674
0.4693542313376227	-22.893207933083552
0.4715257082710568	-22.90072355522542
0.4736863817919839	-22.9079152177588
0.47583635886554304	-22.9162028096155
0.4779757448760945	-22.921315300086427
0.48010464365821626	-22.932634373367403
0.48222315752694367	-22.937297497775198
0.4843313873072755	-22.94685785929197
0.48642943236296715	-22.95160755186172
0.48851739062463195	-22.96018001224861
0.4905953586171698	-22.966240454321287
0.49266343148654274	-22.9741102348723
0.4947217030259168	-22.982513125750266
0.49677026570118604	-22.99158167492443
0.49880921067589834	-22.993966539516425
0.5008386278355987	-23.00586570262233
0.5028586058116061	-23.01226899173794
0.5048692320042399	-23.017189708728917
0.5068705926055118	-23.028093419546046
0.5088627726212963	-23.031690271134163
0.5108458558929959	-23.0419029221139
0.512819925118713	-23.047635978729314
0.514785061873944	-23.054507884621234
0.516741346631806	-23.06241855893224
0.5186888587828109	-23.068223048441787
0.5206276766541976	-23.07811539719395
0.522557877528835	-23.082639224244502
0.5244795376637064	-23.091495177276514
0.5263927323079869	-23.096959855582423
0.5282975357207247	-23.10539915673868
0.5301940211881357	-23.111177891239457
0.5320822610405226	-23.12132404706822
0.5339623266688276	-23.124377716961504
0.5358342885408284	-23.135089168292936
0.5376982162169867	-23.140190968742026
0.5395541783659578	-23.149276256602526
0.5414022427797707	-23.154661782407217
0.5432424763886861	-23.16211620928574
0.5450749452757411	-23.170796616404715
0.5468997146909884	-23.177165167655723
0.5487168490654377	-23.182452005301506
0.5505264120247062	-23.190031108796138
0.5523284664023866	-23.197971265753345
0.5541230742531381	-23.204088951691578
0.5559102968655089	-23.21018411599285
0.5576901947744947	-23.219567077370534
0.5594628277738429	-23.22600486285382
0.5612282549281045	-23.233909277799857
0.5629865345844431	-23.238925682572514
0.5647377243842066	-23.24965804122707
0.5664818812742644	-23.256256908672587
0.5682190615181202	-23.2653685295025
0.5699493207068018	-23.272976652787698
0.5716727137695359	-23.288253906836875
0.5733892949842104	-23.301876654812197
0.5750991179876332	-23.323772407851575