-1.6544974096294631	-23.97690544247912
-1.4326486600131068	-23.13883065226347
-1.2865206243348686	-22.50937770780339
-1.1773761549098007	-22.13350091436243
-1.0902259791909006	-21.683659637777534
-1.0176753120422888	-21.506173133801283
-0.9555274052934443	-21.137420874994064
-0.9011697429708516	-20.993712523139322
-0.8528650633962965	-20.758299712018683
-0.8093993696152063	-20.61743295742915
-0.7698908283315327	-20.439760121020573
-0.7336786556770879	-20.319240537413805
-0.7002549001901383	-20.161004550840246
-0.6692206664501694	-20.060167108217343
-0.6402569705148529	-19.9482605393779
-0.6131047244712381	-19.85454546604839
-0.5875506199988499	-19.726390203595344
-0.5634169402821306	-19.66185677776201
-0.5405540573226263	-19.55738949647781
-0.51883480762939	-19.475471154230892
-0.49815020876953897	-19.415910234060995
-0.47840615057378183	-19.349614782256584
-0.4595208064134081	-19.268114997472185
-0.4414225843206119	-19.228910071528016
-0.4240484882511892	-19.13631668827444
-0.4073427947483365	-19.09077166036329
-0.39125597485488167	-19.02732677277278
-0.37574380867663415	-19.00848264614377
-0.36076665270698133	-18.93477429106007
-0.3462888293383585	-18.9082853119392
-0.3322781148955438	-18.843260630855266
-0.3187053077062699	-18.820827491281758
-0.3055438616482991	-18.778243001336648
-0.29276957361187017	-18.7488829853736
-0.28036031563005026	-18.717714280656203
-0.26829580422866967	-18.696271146710785
-0.25655740095742546	-18.66436764898106
-0.2451279391766436	-18.640767276727498
-0.23399157305868412	-18.61719641873468
-0.22313364547047576	-18.59793134261373
-0.2125405719730516	-18.57434087411438
-0.20219973863483282	-18.557123363048117
-0.192099411730507	-18.54324745040522
-0.18222865770421273	-18.5317556171558
-0.17257727202803194	-18.514818560993774
-0.16313571579519043	-18.509706774077276
-0.15389505906027776	-18.500221961438697
-0.14484693008288071	-18.49638224222644
-0.13598346975157563	-18.488740859435
-0.12729729056648295	-18.491252399002168
-0.11878143964395335	-18.476023002768457
-0.11042936527918747	-18.490819527515136
-0.10223488666391588	-18.48029040888634
-0.09419216640850187	-18.492764386854116
-0.08629568556246811	-18.478499550775126
-0.0785402208657058	-18.49274186343608
-0.07092082399551382	-18.49912090786214
-0.0634328026029639	-18.498851161363586
-0.05607170295659477	-18.509075731660076
-0.04883329403267543	-18.51234234268628
-0.041713552909727614	-18.52353562798382
-0.03470865134106912	-18.53548688417054
-0.027814943393168652	-18.534130365323914
-0.021028954049876588	-18.558006967520164
-0.014347368693361274	-18.55311351129252
-0.007767023382039727	-18.579599628528747
-0.0012848958541194363	-18.58335651787222
0.005101902807281231	-18.59429049020569
0.01139613590496951	-18.60774446588715
0.017600448306254395	-18.6199637846386
0.02371737311593627	-18.63559378970102
0.02974933788584932	-18.645135515044682
0.035698670399050586	-18.65258411280614
0.041567604063148494	-18.675856214930004
0.047358282944043865	-18.681926858167564
0.05307276646847329	-18.698986147927034
0.05871303382116594	-18.71093870601709
0.06428098806010825	-18.72710717654811
0.06977845997132597	-18.73784128746719
0.07520721168272416	-18.750991673247423
0.08056894005483231	-18.7622560235779
0.08586527986478076	-18.771471426049352
0.09109780679845773	-18.78945836878032
0.09626804026454804	-18.806462748768407
0.10137744604302831	-18.814343423510756
0.10642743877966987	-18.827191253004457
0.11141938433716894	-18.839278787723906
0.1163546020126811	-18.861019335909486
0.12123436663076761	-18.860599332626805
0.126059910520059	-18.879237470324362
0.13083242538130394	-18.89039197395795
0.13555306405388826	-18.90238889620233
0.14022294218737347	-18.91741977345011
0.14484313982411862	-18.927541448806412
0.14941470289860198	-18.93583036053879
0.15393864465864826	-18.95444949444276
0.15841594701339248	-18.96015128848662
0.16284756181246737	-18.972233258908094
0.16723441206058115	-18.98588442711123
0.17157739307136333	-19.0001134135541
0.17587737356408736	-19.00635404350659
0.18013519670662878	-19.02297257098205
0.1843516811077922	-19.029487488864255
0.18852762176192844	-19.043833205224388
0.19266379094856714	-19.05530227193708
0.19676093908961217	-19.067380274302028
0.20081979556647983	-19.07539307000048
0.20484106949940398	-19.093081929093497
0.2088254504909928	-19.098036593268642
0.2127736093359852	-19.114686629117067
0.21668619869903516	-19.1202767608435
0.22056385376223694	-19.134834504175082
0.2244071928439972	-19.14410448963636
0.22821681799076246	-19.15399231292391
0.23199331554301877	-19.165741731620706
0.23573725667689346	-19.177964767522344
0.23944919792261074	-19.187846686766502
0.24312968166097831	-19.198950369900157
0.24677923659901219	-19.21028850048641
0.25039837822574285	-19.219862505024132
0.2539876092491866	-19.231420460915984
0.257547420015407	-19.243049130082852
0.2610782889105402	-19.24987231915776
0.2645806827466108	-19.263680149339763
0.26805505713191263	-19.270351884302784
0.27150185682669237	-19.287910045932534
0.2749215160848296	-19.292547406961493
0.278314458982169	-19.306097581373116
0.2816810997321263	-19.31198495426343
0.2850218429891554	-19.324599789237038
0.28833708414063236	-19.33527156038392
0.2916272095876823	-19.342044038062784
0.2948925970154497	-19.35064641726948
0.29813361565328245	-19.367382292840297
0.3013506265252802	-19.372550814234035
0.3045439826916305	-19.382288371616585
0.3077140294811371	-19.394787692068352
0.310861104715323	-19.400862447808418
0.31398553892447206	-19.4122414678541
0.3170876555559543	-19.419588886203748
0.3201677711751647	-19.431161420022264
0.3232261956593847	-19.440036765345223
0.32626323238486676	-19.447434224476453
0.3292791784074223	-19.460193736060944
0.3322743246367818	-19.463231788515746
0.3352489560049839	-19.477679610285318
0.3382033516290375	-19.485535284917187
0.34113778496808683	-19.49493786050132
0.34405252397530406	-19.502089638263694
0.34694783124471784	-19.513750147879723
0.3498239641531795	-19.521499689641995
0.35268117499766033	-19.52891117566984
0.35551971112806097	-19.53520990397939
0.3583398150757091	-19.546469399074603
0.361141724677712	-19.5536754461297
0.36392567319732294	-19.56582831133478
0.366691889440475	-19.571894082994888
0.369440597868626	-19.579339882295415
0.3721720187080556	-19.589574057080807
0.37488636805574654	-19.598833109409746
0.3775838579819774	-19.60357036278654
0.3802646966297488	-19.61425163579796
0.38292908831116057	-19.623701942528616
0.3855772336008488	-19.630548928952617
0.3882093294265932	-19.639278534209648
0.39082556915719435	-19.64757884249936
0.39342614268771975	-19.653499719104722
0.3960112365222131	-19.664733960128796
0.39858103385395666	-19.669676475821394
0.4011357146433722	-19.681088120711664
0.40367545569364494	-19.687923582949047
0.4062004307241486	-19.6972434579669
0.40871081044174823	-19.703915801218894
0.41120676261005434	-19.71033868086614
0.4136884521166986	-19.719846839014465
0.4161560410386971	-19.729798872798952
0.41860968870596854	-19.735527100460704
0.4210495517630677	-19.743036327039995
0.42347578422919363	-19.750740994316143
0.4258885375565324	-19.758524388056397
0.428287960686987	-19.768147557425777
0.4306742001073492	-19.77444440384321
0.43304739990296376	-19.78007754985768
0.4354077018099348	-19.792867291274785
0.43775524526592036	-19.795955332586864
0.44009016745956203	-19.80576784636679
0.44241260337859334	-19.809889074045962
0.44472268585666735	-19.824078394983427
0.4470205456189468	-19.82647210823947
0.4493063113264938	-19.83752313484578
0.45158010961949724	-19.840207596037327
0.45384206515937514	-19.852082114846358
0.45609230066978584	-19.854944305327813
0.4583309369765822	-19.866171746877818
0.4605580930467412	-19.86941446111264
0.46277388602630115	-19.878881856489183
0.46497843127733474	-19.8871755091014
0.4671718424139895	-19.89279195428891
0.4693542313376227	-19.901242523299214
0.4715257082710568	-19.909341496964178
0.4736863817919839	-19.915049678039384
0.47583635886554304	-19.923812689631927
0.4779757448760945	-19.927630748242507
0.48010464365821626	-19.939003494746412
0.48222315752694367	-19.941951331915696
0.4843313873072755	-19.951579690991583
0.48642943236296715	-19.957803718396473
0.48851739062463195	-19.966723621612594
0.4905953586171698	-19.96958808752169
0.49266343148654274	-19.977817114062567
0.4947217030259168	-19.982924681405677
0.49677026570118604	-19.989431257344368
0.49880921067589834	-19.99507254663822
0.5008386278355987	-20.00413555812532
0.5028586058116061	-20.010735730401134
0.5048692320042399	-20.01627932589846
0.5068705926055118	-20.02436864506164
0.5088627726212963	-20.02824889600439
0.5108458558929959	-20.037039325168152
0.512819925118713	-20.041192133589863
0.514785061873944	-20.047290326066395
0.516741346631806	-20.05443065125365
0.5186888587828109	-20.05895138982838
0.5206276766541976	-20.067030565024904
0.522557877528835	-20.07154044411693
0.5244795376637064	-20.07996233910198
0.5263927323079869	-20.081651614554502
0.5282975357207247	-20.089018869967063
0.5301940211881357	-20.093166021710754
0.5320822610405226	-20.102063284252655
0.5339623266688276	-20.103866277292383
0.5358342885408284	-20.111067808666153
0.5376982162169867	-20.11370383049373
0.5395541783659578	-20.12095442623493
0.5414022427797707	-20.12494271452908
0.5432424763886861	-20.131302769233443
0.5450749452757411	-20.135764897796268
0.5468997146909884	-20.14247913248409
0.5487168490654377	-20.143597526544387
0.5505264120247062	-20.15065045810074
0.5523284664023866	-20.153230497642713
0.5541230742531381	-20.16071192082841
0.5559102968655089	-20.162078288386216
0.5576901947744947	-20.16859397349942
0.5594628277738429	-20.17216325120884
0.5612282549281045	-20.17718762237479
0.5629865345844431	-20.179002917598645
0.5647377243842066	-20.185953478040766
0.5664818812742644	-20.187991972052444
0.5682190615181202	-20.190780876058064
0.5699493207068018	-20.195117417020327
0.5716727137695359	-20.199098173872848
0.5733892949842104	-20.20249681763487
0.5750991179876332	-20.204642934605705