-1.6544974096294631	-22.324830748776378
-1.4326486600131068	-21.556044185684335
-1.2865206243348686	-20.910485778880545
-1.1773761549098007	-20.474526880213933
-1.0902259791909006	-20.037027951985767
-1.0176753120422888	-19.790706457777706
-0.9555274052934443	-19.47208344576367
-0.9011697429708516	-19.293483312835708
-0.8528650633962965	-19.101577224852146
-0.8093993696152063	-18.996859190324567
-0.7698908283315327	-18.872359698532645
-0.7336786556770879	-18.773961362889615
-0.7002549001901383	-18.7119595632007
-0.6692206664501694	-18.706065629777
-0.6402569705148529	-18.63688314364148
-0.6131047244712381	-18.632580799094754
-0.5875506199988499	-18.576790478651745
-0.5634169402821306	-18.58204188326643
-0.5405540573226263	-18.557585569577363
-0.51883480762939	-18.55365517986278
-0.49815020876953897	-18.558591234435696
-0.47840615057378183	-18.550777348476174
-0.4595208064134081	-18.537737069770994
-0.4414225843206119	-18.558053622557946
-0.4240484882511892	-18.521623875052438
-0.4073427947483365	-18.540337325042334
-0.39125597485488167	-18.51882675948157
-0.37574380867663415	-18.54500566427962
-0.36076665270698133	-18.515591408235156
-0.3462888293383585	-18.53396547831233
-0.3322781148955438	-18.507836105968465
-0.3187053077062699	-18.515392801635365
-0.3055438616482991	-18.50954221397333
-0.29276957361187017	-18.512133909464517
-0.28036031563005026	-18.502019081353936
-0.26829580422866967	-18.51156239155985
-0.25655740095742546	-18.498115987314435
-0.2451279391766436	-18.48942238625363
-0.23399157305868412	-18.48945470223255
-0.22313364547047576	-18.489787882112548
-0.2125405719730516	-18.478342164662028
-0.20219973863483282	-18.48313220105466
-0.192099411730507	-18.469322444665245
-0.18222865770421273	-18.470954612564565
-0.17257727202803194	-18.46126919785965
-0.16313571579519043	-18.467657159312314
-0.15389505906027776	-18.451352764127634
-0.14484693008288071	-18.44826784302412
-0.13598346975157563	-18.443817240070135
-0.12729729056648295	-18.446263682621883
-0.11878143964395335	-18.434865659267604
-0.11042936527918747	-18.44410973644063
-0.10223488666391588	-18.43197890605464
-0.09419216640850187	-18.437185414567033
-0.08629568556246811	-18.42147990029255
-0.0785402208657058	-18.429999264143074
-0.07092082399551382	-18.427772974992887
-0.0634328026029639	-18.423097575496502
-0.05607170295659477	-18.42373804892619
-0.04883329403267543	-18.417516135664865
-0.041713552909727614	-18.420560935365188
-0.03470865134106912	-18.420928574057076
-0.027814943393168652	-18.414854682273702
-0.021028954049876588	-18.426796225347385
-0.014347368693361274	-18.412818171375065
-0.007767023382039727	-18.42703967421841
-0.0012848958541194363	-18.417260477152244
0.005101902807281231	-18.41920497391769
0.01139613590496951	-18.422873561116024
0.017600448306254395	-18.426016821290656
0.02371737311593627	-18.42517447385187
0.02974933788584932	-18.427736561931496
0.035698670399050586	-18.42516616966298
0.041567604063148494	-18.434897344930047
0.047358282944043865	-18.429537492669542
0.05307276646847329	-18.43689899857498
0.05871303382116594	-18.437096748076748
0.06428098806010825	-18.443202222844654
0.06977845997132597	-18.448955865811854
0.07520721168272416	-18.451673157686322
0.08056894005483231	-18.45231970405339
0.08586527986478076	-18.452422810810162
0.09109780679845773	-18.462631833044263
0.09626804026454804	-18.468586741331087
0.10137744604302831	-18.469118339902273
0.10642743877966987	-18.473233166538357
0.11141938433716894	-18.476949333806118
0.1163546020126811	-18.48638685127758
0.12123436663076761	-18.4810365705056
0.126059910520059	-18.48832403258152
0.13083242538130394	-18.493651170024126
0.13555306405388826	-18.502361031557328
0.14022294218737347	-18.503551660277388
0.14484313982411862	-18.507917581027904
0.14941470289860198	-18.511375760338577
0.15393864465864826	-18.522751036880784
0.15841594701339248	-18.51791891346642
0.16284756181246737	-18.523788321683448
0.16723441206058115	-18.527632256420656
0.17157739307136333	-18.533863850094203
0.17587737356408736	-18.533981817315976
0.18013519670662878	-18.54697327635465
0.1843516811077922	-18.5481551590884
0.18852762176192844	-18.55039085741558
0.19266379094856714	-18.555705886195003
0.19676093908961217	-18.55885288748002
0.20081979556647983	-18.55985159050969
0.20484106949940398	-18.568941098128487
0.2088254504909928	-18.566744879410887
0.2127736093359852	-18.58031750722378
0.21668619869903516	-18.576350993074406
0.22056385376223694	-18.58222923047462
0.2244071928439972	-18.582901704075116
0.22821681799076246	-18.585108142824634
0.23199331554301877	-18.59149256067311
0.23573725667689346	-18.59512591978957
0.23944919792261074	-18.597988507841684
0.24312968166097831	-18.6027566232918
0.24677923659901219	-18.605258493423275
0.25039837822574285	-18.605942279651035
0.2539876092491866	-18.608532370487296
0.257547420015407	-18.616781181565134
0.2610782889105402	-18.613669779793987
0.2645806827466108	-18.62128628807378
0.26805505713191263	-18.62318734389063
0.27150185682669237	-18.633742695674176
0.2749215160848296	-18.629475437126384
0.278314458982169	-18.632415207435603
0.2816810997321263	-18.630847519936438
0.2850218429891554	-18.6413149153453
0.28833708414063236	-18.64161668562533
0.2916272095876823	-18.646882207383484
0.2948925970154497	-18.646805588230663
0.29813361565328245	-18.657029517430594
0.3013506265252802	-18.654313387996208
0.3045439826916305	-18.658311490782136
0.3077140294811371	-18.66145140251277
0.310861104715323	-18.663674474660237
0.31398553892447206	-18.668581991667804
0.3170876555559543	-18.668053787789876
0.3201677711751647	-18.67522385528886
0.3232261956593847	-18.678744593723597
0.32626323238486676	-18.679964764282285
0.3292791784074223	-18.686222783849328
0.3322743246367818	-18.683343911776454
0.3352489560049839	-18.692175993437598
0.3382033516290375	-18.692663069668548
0.34113778496808683	-18.698536927924554
0.34405252397530406	-18.69906513158313
0.34694783124471784	-18.706462609202514
0.3498239641531795	-18.70758221457808
0.35268117499766033	-18.71072164840394
0.35551971112806097	-18.71188409943024
0.3583398150757091	-18.717608047880667
0.361141724677712	-18.720815183300967
0.36392567319732294	-18.724433343239802
0.366691889440475	-18.72628407695962
0.369440597868626	-18.729882656576763
0.3721720187080556	-18.73232636666261
0.37488636805574654	-18.73883197085904
0.3775838579819774	-18.73765678322038
0.3802646966297488	-18.742487944745886
0.38292908831116057	-18.746710080634603
0.3855772336008488	-18.748449068278596
0.3882093294265932	-18.753088863513188
0.39082556915719435	-18.75858802164164
0.39342614268771975	-18.758884632053473
0.3960112365222131	-18.764389571393572
0.39858103385395666	-18.76234123262681
0.4011357146433722	-18.770443027202244
0.40367545569364494	-18.771707909461032
0.4062004307241486	-18.777817653573507
0.40871081044174823	-18.77992316100454
0.41120676261005434	-18.7813709254033
0.4136884521166986	-18.785110685561907
0.4161560410386971	-18.789684519118907
0.41860968870596854	-18.795178966839156
0.4210495517630677	-18.79595919352894
0.42347578422919363	-18.795826366748734
0.4258885375565324	-18.802227718609434
0.428287960686987	-18.80627110306738
0.4306742001073492	-18.807674734920795
0.43304739990296376	-18.8102955234075
0.4354077018099348	-18.815249775212074
0.43775524526592036	-18.816739233145928
0.44009016745956203	-18.822445546464888
0.44241260337859334	-18.822593625492686
0.44472268585666735	-18.832813738314353
0.4470205456189468	-18.83068594145962
0.4493063113264938	-18.837233430462515
0.45158010961949724	-18.836250149766858
0.45384206515937514	-18.84511364923306
0.45609230066978584	-18.84327537587704
0.4583309369765822	-18.849372510938586
0.4605580930467412	-18.85020286251278
0.46277388602630115	-18.85660778841
0.46497843127733474	-18.86145484055052
0.4671718424139895	-18.860772343876725
0.4693542313376227	-18.86561795450468
0.4715257082710568	-18.86788212821176
0.4736863817919839	-18.871524088655647
0.47583635886554304	-18.876231995653765
0.4779757448760945	-18.87672015880537
0.48010464365821626	-18.884744892658606
0.48222315752694367	-18.881680651479453
0.4843313873072755	-18.88871356304337
0.48642943236296715	-18.891704835738537
0.48851739062463195	-18.895038526353318
0.4905953586171698	-18.896092487141708
0.49266343148654274	-18.899896595861104
0.4947217030259168	-18.904632317595727
0.49677026570118604	-18.906957388561995
0.49880921067589834	-18.90790193011286
0.5008386278355987	-18.915016437118208
0.5028586058116061	-18.915209237049144
0.5048692320042399	-18.91886070255353
0.5068705926055118	-18.92230601872882
0.5088627726212963	-18.924165710607397
0.5108458558929959	-18.92846202935969
0.512819925118713	-18.9301561659196
0.514785061873944	-18.933717498607926
0.516741346631806	-18.93699841804349
0.5186888587828109	-18.938583032580244
0.5206276766541976	-18.94282267757078
0.522557877528835	-18.944338686108086
0.5244795376637064	-18.948988432442874
0.5263927323079869	-18.948352490376905
0.5282975357207247	-18.953232215687727
0.5301940211881357	-18.95403455035614
0.5320822610405226	-18.960586369096973
0.5339623266688276	-18.960036654092395
0.5358342885408284	-18.96328930694304
0.5376982162169867	-18.964125418546267
0.5395541783659578	-18.96785112474234
0.5414022427797707	-18.97053357263501
0.5432424763886861	-18.972980636797004
0.5450749452757411	-18.975021285376663
0.5468997146909884	-18.979721279602686
0.5487168490654377	-18.976832365353587
0.5505264120247062	-18.981299574000282
0.5523284664023866	-18.983809760261956
0.5541230742531381	-18.98503571000213
0.5559102968655089	-18.9860868192206
0.5576901947744947	-18.98737751748132
0.5594628277738429	-18.992065024979603
0.5612282549281045	-18.99402715148308
0.5629865345844431	-18.99224615023005
0.5647377243842066	-18.997741708273153
0.5664818812742644	-18.997108815756402
0.5682190615181202	-18.99852900736383
0.5699493207068018	-18.999645783075113
0.5716727137695359	-19.00397354937273
0.5733892949842104	-19.003179771800372
0.5750991179876332	-19.003631714356576