-1.6544974096294631	-23.220470102506898
-1.4326486600131068	-22.439364819635845
-1.2865206243348686	-21.613016984346476
-1.1773761549098007	-21.198761745821475
-1.0902259791909006	-20.710969868727258
-1.0176753120422888	-20.515228293317218
-0.9555274052934443	-20.097404413248064
-0.9011697429708516	-19.875123409667616
-0.8528650633962965	-19.60840029380809
-0.8093993696152063	-19.419730070072283
-0.7698908283315327	-19.233083224226213
-0.7336786556770879	-19.03919989687835
-0.7002549001901383	-18.88242278359311
-0.6692206664501694	-18.746385973204358
-0.6402569705148529	-18.619969702266292
-0.6131047244712381	-18.498756070762713
-0.5875506199988499	-18.394196239753413
-0.5634169402821306	-18.30584357254621
-0.5405540573226263	-18.231739338968715
-0.51883480762939	-18.1906732452357
-0.49815020876953897	-18.118080117523856
-0.47840615057378183	-18.1017982133798
-0.4595208064134081	-18.06067825771327
-0.4414225843206119	-18.062771903721263
-0.4240484882511892	-18.046196462165323
-0.4073427947483365	-18.06241076826044
-0.39125597485488167	-18.06397002787931
-0.37574380867663415	-18.094028461107303
-0.36076665270698133	-18.113107400535217
-0.3462888293383585	-18.150316262638402
-0.3322781148955438	-18.14925964158567
-0.3187053077062699	-18.20955440249393
-0.3055438616482991	-18.22961720002961
-0.29276957361187017	-18.262145937623
-0.28036031563005026	-18.299440524741776
-0.26829580422866967	-18.34069568889177
-0.25655740095742546	-18.38185229690397
-0.2451279391766436	-18.401258514584928
-0.23399157305868412	-18.422927900136273
-0.22313364547047576	-18.462218489224
-0.2125405719730516	-18.478633724759188
-0.20219973863483282	-18.508569667029196
-0.192099411730507	-18.531377562703348
-0.18222865770421273	-18.55747889568528
-0.17257727202803194	-18.579877271480346
-0.16313571579519043	-18.604522292994798
-0.15389505906027776	-18.629070543454635
-0.14484693008288071	-18.646567736057023
-0.13598346975157563	-18.66145753044873
-0.12729729056648295	-18.68898253798775
-0.11878143964395335	-18.70098819905851
-0.11042936527918747	-18.72698920656195
-0.10223488666391588	-18.737105330852003
-0.09419216640850187	-18.76670970039674
-0.08629568556246811	-18.766051302595507
-0.0785402208657058	-18.79228693239115
-0.07092082399551382	-18.811707369370815
-0.0634328026029639	-18.81696922169833
-0.05607170295659477	-18.843641818483118
-0.04883329403267543	-18.848857611698925
-0.041713552909727614	-18.863426707790122
-0.03470865134106912	-18.880177292750332
-0.027814943393168652	-18.88609360535358
-0.021028954049876588	-18.90788976374053
-0.014347368693361274	-18.911168709829525
-0.007767023382039727	-18.934169961674893
-0.0012848958541194363	-18.9438521919651
0.005101902807281231	-18.958529154634732
0.01139613590496951	-18.967180472931048
0.017600448306254395	-18.982980767232448
0.02371737311593627	-18.99725676889682
0.02974933788584932	-19.005945415884803
0.035698670399050586	-19.011071550719013
0.041567604063148494	-19.02859487798188
0.047358282944043865	-19.037117559372447
0.05307276646847329	-19.05343756232285
0.05871303382116594	-19.060742514577885
0.06428098806010825	-19.072533667467653
0.06977845997132597	-19.082379733629683
0.07520721168272416	-19.0963193877179
0.08056894005483231	-19.101680873708503
0.08586527986478076	-19.106789423548967
0.09109780679845773	-19.124810957250297
0.09626804026454804	-19.134785060798066
0.10137744604302831	-19.13751611657548
0.10642743877966987	-19.15553465638004
0.11141938433716894	-19.158345289886363
0.1163546020126811	-19.173331577567698
0.12123436663076761	-19.17450227740334
0.126059910520059	-19.191410811115936
0.13083242538130394	-19.19695596459553
0.13555306405388826	-19.20632960043617
0.14022294218737347	-19.216494062604646
0.14484313982411862	-19.225424605407643
0.14941470289860198	-19.229916721899293
0.15393864465864826	-19.24454420637501
0.15841594701339248	-19.243526728673533
0.16284756181246737	-19.259220471198695
0.16723441206058115	-19.265622649073848
0.17157739307136333	-19.274287965687222
0.17587737356408736	-19.279269626960016
0.18013519670662878	-19.29134662843185
0.1843516811077922	-19.296719521996277
0.18852762176192844	-19.30512115720807
0.19266379094856714	-19.31345206084064
0.19676093908961217	-19.32015382598944
0.20081979556647983	-19.325017109954825
0.20484106949940398	-19.34118614690169
0.2088254504909928	-19.339483419254538
0.2127736093359852	-19.35545052198666
0.21668619869903516	-19.35469975899363
0.22056385376223694	-19.36704084057559
0.2244071928439972	-19.37453031683571
0.22821681799076246	-19.383333265238385
0.23199331554301877	-19.38863089900938
0.23573725667689346	-19.401961250443602
0.23944919792261074	-19.405872700297238
0.24312968166097831	-19.417317359053083
0.24677923659901219	-19.426594730519398
0.25039837822574285	-19.430296495064468
0.2539876092491866	-19.440581061776818
0.257547420015407	-19.448054680754428
0.2610782889105402	-19.454471732901887
0.2645806827466108	-19.46527250782256
0.26805505713191263	-19.46850898165205
0.27150185682669237	-19.485693146330735
0.2749215160848296	-19.488314190242868
0.278314458982169	-19.49797266010193
0.2816810997321263	-19.50435538148683
0.2850218429891554	-19.515685590132854
0.28833708414063236	-19.523363993839393
0.2916272095876823	-19.532462858970906
0.2948925970154497	-19.538123110939704
0.29813361565328245	-19.55401072192086
0.3013506265252802	-19.556737159519017
0.3045439826916305	-19.564832497980333
0.3077140294811371	-19.5750674342692
0.310861104715323	-19.582591892003773
0.31398553892447206	-19.592633679533556
0.3170876555559543	-19.598397330143
0.3201677711751647	-19.60992723424442
0.3232261956593847	-19.6196468271416
0.32626323238486676	-19.623786175219973
0.3292791784074223	-19.636181617351816
0.3322743246367818	-19.640249698008812
0.3352489560049839	-19.653495789420685
0.3382033516290375	-19.659587829254697
0.34113778496808683	-19.669116116171207
0.34405252397530406	-19.676618185584633
0.34694783124471784	-19.687712625046778
0.3498239641531795	-19.693922097234214
0.35268117499766033	-19.706362441981558
0.35551971112806097	-19.7090242361264
0.3583398150757091	-19.723210167578987
0.361141724677712	-19.730707291065613
0.36392567319732294	-19.738090081332466
0.366691889440475	-19.745305914901504
0.369440597868626	-19.75478692056889
0.3721720187080556	-19.76272466797225
0.37488636805574654	-19.773182565076727
0.3775838579819774	-19.7806352300519
0.3802646966297488	-19.78867851669703
0.38292908831116057	-19.798044338774957
0.3855772336008488	-19.806440746640867
0.3882093294265932	-19.8141562473786
0.39082556915719435	-19.82349316048112
0.39342614268771975	-19.83027865569218
0.3960112365222131	-19.842290970023875
0.39858103385395666	-19.84603765185751
0.4011357146433722	-19.857347162697092
0.40367545569364494	-19.86346261795944
0.4062004307241486	-19.874518196138556
0.40871081044174823	-19.881914542796128
0.41120676261005434	-19.88899870219575
0.4136884521166986	-19.898507603241576
0.4161560410386971	-19.907448764413402
0.41860968870596854	-19.91636411177809
0.4210495517630677	-19.922258689701067
0.42347578422919363	-19.930750846269984
0.4258885375565324	-19.937968391231617
0.428287960686987	-19.94759525425145
0.4306742001073492	-19.95403192303575
0.43304739990296376	-19.961481150505
0.4354077018099348	-19.970946211724886
0.43775524526592036	-19.977096908622887
0.44009016745956203	-19.986915795992843
0.44241260337859334	-19.991796292972364
0.44472268585666735	-20.003872171047774
0.4470205456189468	-20.007421810319833
0.4493063113264938	-20.01709994070822
0.45158010961949724	-20.021400108625706
0.45384206515937514	-20.03405138871407
0.45609230066978584	-20.037821118997137
0.4583309369765822	-20.047177987275106
0.4605580930467412	-20.052367515859594
0.46277388602630115	-20.059333259561694
0.46497843127733474	-20.07097546754627
0.4671718424139895	-20.07410383360366
0.4693542313376227	-20.08190961424993
0.4715257082710568	-20.088974715559715
0.4736863817919839	-20.096949499881873
0.47583635886554304	-20.104071652172948
0.4779757448760945	-20.107838940816464
0.48010464365821626	-20.118489708886763
0.48222315752694367	-20.12117677946687
0.4843313873072755	-20.132404854993297
0.48642943236296715	-20.137577527458426
0.48851739062463195	-20.145261039949855
0.4905953586171698	-20.149461291622337
0.49266343148654274	-20.157747351255384
0.4947217030259168	-20.163189779205442
0.49677026570118604	-20.169039489166245
0.49880921067589834	-20.172880809091716
0.5008386278355987	-20.18147967442561
0.5028586058116061	-20.188450164651876
0.5048692320042399	-20.193268233910295
0.5068705926055118	-20.20020966738759
0.5088627726212963	-20.202997948330243
0.5108458558929959	-20.21111844639919
0.512819925118713	-20.216768127036453
0.514785061873944	-20.2206878759841
0.516741346631806	-20.228401326118426
0.5186888587828109	-20.23158234927805
0.5206276766541976	-20.23831387341413
0.522557877528835	-20.240927694894015
0.5244795376637064	-20.249104944415237
0.5263927323079869	-20.250191165126843
0.5282975357207247	-20.256668588416296
0.5301940211881357	-20.260342535323314
0.5320822610405226	-20.26816572934112
0.5339623266688276	-20.270874145576652
0.5358342885408284	-20.274613278424916
0.5376982162169867	-20.279149159060875
0.5395541783659578	-20.28428985749085
0.5414022427797707	-20.288121820513663
0.5432424763886861	-20.29200734841972
0.5450749452757411	-20.296812986649037
0.5468997146909884	-20.30142522605336
0.5487168490654377	-20.30339011831851
0.5505264120247062	-20.30881654543126
0.5523284664023866	-20.311772324190045
0.5541230742531381	-20.31422462395078
0.5559102968655089	-20.317592988080815
0.5576901947744947	-20.320760382759026
0.5594628277738429	-20.32430315969043
0.5612282549281045	-20.327071654633432
0.5629865345844431	-20.327419558053723
0.5647377243842066	-20.334013936737392
0.5664818812742644	-20.334159645083734
0.5682190615181202	-20.337557274948214
0.5699493207068018	-20.338380041248925
0.5716727137695359	-20.34177190530829
0.5733892949842104	-20.343926055485383
0.5750991179876332	-20.344360484722174