-1.6544974096294631	-23.328076182808985
-1.4326486600131068	-22.56580278820752
-1.2865206243348686	-21.725999160910128
-1.1773761549098007	-21.31841944016948
-1.0902259791909006	-20.81408759164393
-1.0176753120422888	-20.59868376151787
-0.9555274052934443	-20.197646377433504
-0.9011697429708516	-19.94032922019797
-0.8528650633962965	-19.695754380993726
-0.8093993696152063	-19.50699286460495
-0.7698908283315327	-19.293252880974876
-0.7336786556770879	-19.091106956646918
-0.7002549001901383	-18.921556110126918
-0.6692206664501694	-18.792184517604348
-0.6402569705148529	-18.631600069392942
-0.6131047244712381	-18.515770419778814
-0.5875506199988499	-18.359384699859785
-0.5634169402821306	-18.30378300504281
-0.5405540573226263	-18.203739983458203
-0.51883480762939	-18.14681144488785
-0.49815020876953897	-18.073713970424006
-0.47840615057378183	-18.038605657964087
-0.4595208064134081	-18.002039570808947
-0.4414225843206119	-17.99685631609723
-0.4240484882511892	-17.9642890151038
-0.4073427947483365	-17.98134647209718
-0.39125597485488167	-17.988262656371468
-0.37574380867663415	-18.02277708027128
-0.36076665270698133	-18.044299643888536
-0.3462888293383585	-18.112471405531277
-0.3322781148955438	-18.1245908483266
-0.3187053077062699	-18.19006047989338
-0.3055438616482991	-18.231083310359384
-0.29276957361187017	-18.291716724998928
-0.28036031563005026	-18.34470725434246
-0.26829580422866967	-18.4016187612316
-0.25655740095742546	-18.458448581840344
-0.2451279391766436	-18.504704360439295
-0.23399157305868412	-18.544230691527336
-0.22313364547047576	-18.59636304124741
-0.2125405719730516	-18.6275414658164
-0.20219973863483282	-18.667316311453643
-0.192099411730507	-18.697238845367377
-0.18222865770421273	-18.736707827503682
-0.17257727202803194	-18.77060388714346
-0.16313571579519043	-18.79494555452044
-0.15389505906027776	-18.820588132381022
-0.14484693008288071	-18.85691786590086
-0.13598346975157563	-18.875372475001537
-0.12729729056648295	-18.910818185760682
-0.11878143964395335	-18.920079708395715
-0.11042936527918747	-18.949603956077844
-0.10223488666391588	-18.960799850347254
-0.09419216640850187	-19.000354827175038
-0.08629568556246811	-19.00371090155915
-0.0785402208657058	-19.03399340590549
-0.07092082399551382	-19.05737003036043
-0.0634328026029639	-19.06990002705982
-0.05607170295659477	-19.095637769366608
-0.04883329403267543	-19.110674884912203
-0.041713552909727614	-19.131010640616964
-0.03470865134106912	-19.147170594714577
-0.027814943393168652	-19.156721081827452
-0.021028954049876588	-19.194718613019184
-0.014347368693361274	-19.18988772690069
-0.007767023382039727	-19.219724429560337
-0.0012848958541194363	-19.23169354820993
0.005101902807281231	-19.249287847693033
0.01139613590496951	-19.2634124344713
0.017600448306254395	-19.28072899212409
0.02371737311593627	-19.298545957408958
0.02974933788584932	-19.314352738659952
0.035698670399050586	-19.32121759063251
0.041567604063148494	-19.35376459221522
0.047358282944043865	-19.356027472299655
0.05307276646847329	-19.3748439923159
0.05871303382116594	-19.389714235208455
0.06428098806010825	-19.403749441236098
0.06977845997132597	-19.41891967103904
0.07520721168272416	-19.434158653303506
0.08056894005483231	-19.44693908865811
0.08586527986478076	-19.46228096014416
0.09109780679845773	-19.47717494775014
0.09626804026454804	-19.49255779371752
0.10137744604302831	-19.50354987090369
0.10642743877966987	-19.51721190519828
0.11141938433716894	-19.52962866680426
0.1163546020126811	-19.552518479573116
0.12123436663076761	-19.55725880552438
0.126059910520059	-19.574984912069603
0.13083242538130394	-19.589727474117737
0.13555306405388826	-19.60099727859783
0.14022294218737347	-19.61383396365137
0.14484313982411862	-19.63117862147837
0.14941470289860198	-19.641526315547157
0.15393864465864826	-19.658841053942997
0.15841594701339248	-19.666456883579475
0.16284756181246737	-19.68250463859471
0.16723441206058115	-19.6957427065614
0.17157739307136333	-19.710753154565268
0.17587737356408736	-19.718523922698555
0.18013519670662878	-19.737884760054428
0.1843516811077922	-19.748592240978365
0.18852762176192844	-19.764795326418742
0.19266379094856714	-19.77619586237985
0.19676093908961217	-19.789258979216935
0.20081979556647983	-19.799666641413744
0.20484106949940398	-19.820626039293053
0.2088254504909928	-19.826483501662032
0.2127736093359852	-19.84790211585303
0.21668619869903516	-19.853312666785346
0.22056385376223694	-19.869038049881386
0.2244071928439972	-19.879970272427997
0.22821681799076246	-19.896552723401758
0.23199331554301877	-19.908096273089363
0.23573725667689346	-19.922165463279043
0.23944919792261074	-19.934783649447517
0.24312968166097831	-19.951736194733826
0.24677923659901219	-19.96356521726864
0.25039837822574285	-19.975092129918938
0.2539876092491866	-19.985158502769128
0.257547420015407	-20.00205524074107
0.2610782889105402	-20.010623422127704
0.2645806827466108	-20.02698898855
0.26805505713191263	-20.037624638137427
0.27150185682669237	-20.059383432719894
0.2749215160848296	-20.065233475927702
0.278314458982169	-20.082188006663745
0.2816810997321263	-20.092389097283927
0.2850218429891554	-20.10781727988622
0.28833708414063236	-20.118320650512924
0.2916272095876823	-20.130447506252775
0.2948925970154497	-20.146314197530703
0.29813361565328245	-20.162833355816502
0.3013506265252802	-20.171773358507803
0.3045439826916305	-20.185799828879656
0.3077140294811371	-20.20003813711959
0.310861104715323	-20.211886288545465
0.31398553892447206	-20.22603019253061
0.3170876555559543	-20.236715349862468
0.3201677711751647	-20.25287960645717
0.3232261956593847	-20.26517380366373
0.32626323238486676	-20.275969919309723
0.3292791784074223	-20.293723635407872
0.3322743246367818	-20.301500846500808
0.3352489560049839	-20.32004989488503
0.3382033516290375	-20.331329614334543
0.34113778496808683	-20.345316510240178
0.34405252397530406	-20.35544785640347
0.34694783124471784	-20.37396737778361
0.3498239641531795	-20.382587746384253
0.35268117499766033	-20.399735865114387
0.35551971112806097	-20.407117222074866
0.3583398150757091	-20.42398842765644
0.361141724677712	-20.43783777947083
0.36392567319732294	-20.45148080607511
0.366691889440475	-20.46316918898005
0.369440597868626	-20.473980915269347
0.3721720187080556	-20.48979994077065
0.37488636805574654	-20.505059240575267
0.3775838579819774	-20.515300346142457
0.3802646966297488	-20.529506773104547
0.38292908831116057	-20.544110389810513
0.3855772336008488	-20.55528552725795
0.3882093294265932	-20.56973483882825
0.39082556915719435	-20.5832910908829
0.39342614268771975	-20.59521952292183
0.3960112365222131	-20.610957015281084
0.39858103385395666	-20.62013903352234
0.4011357146433722	-20.634513778635036
0.40367545569364494	-20.648353405183453
0.4062004307241486	-20.662106013020967
0.40871081044174823	-20.67553813480936
0.41120676261005434	-20.68672618150492
0.4136884521166986	-20.699254826812314
0.4161560410386971	-20.716043717147915
0.41860968870596854	-20.729014943307902
0.4210495517630677	-20.739327028409853
0.42347578422919363	-20.752869657955774
0.4258885375565324	-20.766265310455065
0.428287960686987	-20.780302283164772
0.4306742001073492	-20.790831036843464
0.43304739990296376	-20.803319588127
0.4354077018099348	-20.818860128855075
0.43775524526592036	-20.82915147764524
0.44009016745956203	-20.84415992840572
0.44241260337859334	-20.852655070739864
0.44472268585666735	-20.870738375192925
0.4470205456189468	-20.87866557140181
0.4493063113264938	-20.894451626072343
0.45158010961949724	-20.901980141204636
0.45384206515937514	-20.92128477985927
0.45609230066978584	-20.929463714626266
0.4583309369765822	-20.942503997432695
0.4605580930467412	-20.952699004143604
0.46277388602630115	-20.967091486867393
0.46497843127733474	-20.980695726870557
0.4671718424139895	-20.99140470503557
0.4693542313376227	-21.000481102674225
0.4715257082710568	-21.01492766133094
0.4736863817919839	-21.024975920316862
0.47583635886554304	-21.038855723269904
0.4779757448760945	-21.047849071613996
0.48010464365821626	-21.06367064315018
0.48222315752694367	-21.069837716055545
0.4843313873072755	-21.085152183163075
0.48642943236296715	-21.09364742451636
0.48851739062463195	-21.106206432434046
0.4905953586171698	-21.115175484969924
0.49266343148654274	-21.128032048149592
0.4947217030259168	-21.13949308398311
0.49677026570118604	-21.149112311314227
0.49880921067589834	-21.15844729095967
0.5008386278355987	-21.170347178395804
0.5028586058116061	-21.17969505751959
0.5048692320042399	-21.188606389155556
0.5068705926055118	-21.200695185722655
0.5088627726212963	-21.208904341129543
0.5108458558929959	-21.22016114789161
0.512819925118713	-21.229528983309976
0.514785061873944	-21.237465728936098
0.516741346631806	-21.24749995990173
0.5186888587828109	-21.25564999393547
0.5206276766541976	-21.265907068879226
0.522557877528835	-21.273849921568836
0.5244795376637064	-21.285613181536966
0.5263927323079869	-21.290856680612578
0.5282975357207247	-21.299810161775635
0.5301940211881357	-21.30611332120744
0.5320822610405226	-21.31723183594546
0.5339623266688276	-21.322759170913614
0.5358342885408284	-21.330931305877193
0.5376982162169867	-21.33841062141216
0.5395541783659578	-21.347067519037374
0.5414022427797707	-21.35325880025407
0.5432424763886861	-21.361361291311226
0.5450749452757411	-21.36797360321265
0.5468997146909884	-21.375099114991883
0.5487168490654377	-21.377513814478824
0.5505264120247062	-21.387517711932972
0.5523284664023866	-21.390458700552486
0.5541230742531381	-21.39886357404623
0.5559102968655089	-21.403336802942583
0.5576901947744947	-21.410052602128612
0.5594628277738429	-21.41507988846727
0.5612282549281045	-21.420105465637494
0.5629865345844431	-21.422627447272745
0.5647377243842066	-21.431145759918664
0.5664818812742644	-21.434120936763
0.5682190615181202	-21.43884543411261
0.5699493207068018	-21.44112954181787
0.5716727137695359	-21.445826833573427
0.5733892949842104	-21.451042551304454
0.5750991179876332	-21.451693362027374