-1.6544974096294631	-17.012403096177906
-1.4326486600131068	-17.449319984314634
-1.2865206243348686	-17.68317976886778
-1.1773761549098007	-17.935454946172477
-1.0902259791909006	-18.02231658774138
-1.0176753120422888	-18.22797555376486
-0.9555274052934443	-18.233789659783664
-0.9011697429708516	-18.366333699975197
-0.8528650633962965	-18.40610934514277
-0.8093993696152063	-18.49055833419517
-0.7698908283315327	-18.524319231885944
-0.7336786556770879	-18.56114349606916
-0.7002549001901383	-18.594808763010818
-0.6692206664501694	-18.68229642775381
-0.6402569705148529	-18.674856968482676
-0.6131047244712381	-18.74736106002263
-0.5875506199988499	-18.747729458167026
-0.5634169402821306	-18.797680367992164
-0.5405540573226263	-18.815512289536453
-0.51883480762939	-18.85047764452848
-0.49815020876953897	-18.878976293727973
-0.47840615057378183	-18.899621313990938
-0.4595208064134081	-18.914016196076872
-0.4414225843206119	-18.95351670708109
-0.4240484882511892	-18.95925380310315
-0.4073427947483365	-18.99500502092294
-0.39125597485488167	-19.004371806719362
-0.37574380867663415	-19.03673171309172
-0.36076665270698133	-19.03004790716264
-0.3462888293383585	-19.074452346530563
-0.3322781148955438	-19.071999568427273
-0.3187053077062699	-19.103445682298144
-0.3055438616482991	-19.107205959072274
-0.29276957361187017	-19.13202967474233
-0.28036031563005026	-19.14685520688193
-0.26829580422866967	-19.167252132448986
-0.25655740095742546	-19.1743976168691
-0.2451279391766436	-19.194886216663452
-0.23399157305868412	-19.20110940197552
-0.22313364547047576	-19.226815402719236
-0.2125405719730516	-19.233074919198046
-0.20219973863483282	-19.255935880995285
-0.192099411730507	-19.25679724579872
-0.18222865770421273	-19.275400627926054
-0.17257727202803194	-19.288317804465883
-0.16313571579519043	-19.308056972183405
-0.15389505906027776	-19.32013749115997
-0.14484693008288071	-19.331865610689558
-0.13598346975157563	-19.342262406295234
-0.12729729056648295	-19.360517956525097
-0.11878143964395335	-19.368392866455174
-0.11042936527918747	-19.391856071185444
-0.10223488666391588	-19.38831487938509
-0.09419216640850187	-19.419049648478374
-0.08629568556246811	-19.4146282620691
-0.0785402208657058	-19.430002571420577
-0.07092082399551382	-19.445919435029918
-0.0634328026029639	-19.451373032581433
-0.05607170295659477	-19.472605609519228
-0.04883329403267543	-19.48191324863481
-0.041713552909727614	-19.49738767145926
-0.03470865134106912	-19.51071112799111
-0.027814943393168652	-19.51444851058807
-0.021028954049876588	-19.540444107968884
-0.014347368693361274	-19.537481511568384
-0.007767023382039727	-19.559493707303375
-0.0012848958541194363	-19.564589693874876
0.005101902807281231	-19.577507797474027
0.01139613590496951	-19.59115261218634
0.017600448306254395	-19.605890985325885
0.02371737311593627	-19.618049138292832
0.02974933788584932	-19.63034772440005
0.035698670399050586	-19.6329842653627
0.041567604063148494	-19.658530286868544
0.047358282944043865	-19.65897733875953
0.05307276646847329	-19.679928942140307
0.05871303382116594	-19.686215251284118
0.06428098806010825	-19.705651419893133
0.06977845997132597	-19.71182062098275
0.07520721168272416	-19.72979189842188
0.08056894005483231	-19.73753826420962
0.08586527986478076	-19.74690057505265
0.09109780679845773	-19.76592129608644
0.09626804026454804	-19.778760982691185
0.10137744604302831	-19.78344608526908
0.10642743877966987	-19.800726379790575
0.11141938433716894	-19.810639363415213
0.1163546020126811	-19.831813484279866
0.12123436663076761	-19.829666840805473
0.126059910520059	-19.851412000755612
0.13083242538130394	-19.863691719935876
0.13555306405388826	-19.875105776360076
0.14022294218737347	-19.886665797613794
0.14484313982411862	-19.901272763871535
0.14941470289860198	-19.910603534196238
0.15393864465864826	-19.9292483116216
0.15841594701339248	-19.9340252858066
0.16284756181246737	-19.948208426185158
0.16723441206058115	-19.960083769116927
0.17157739307136333	-19.97576690753061
0.17587737356408736	-19.98286876530505
0.18013519670662878	-19.99975461351946
0.1843516811077922	-20.00708806446039
0.18852762176192844	-20.023111324654018
0.19266379094856714	-20.034286218206987
0.19676093908961217	-20.048196569651573
0.20081979556647983	-20.05504052955774
0.20484106949940398	-20.074058987915567
0.2088254504909928	-20.079388678416514
0.2127736093359852	-20.096763233282957
0.21668619869903516	-20.102336086657125
0.22056385376223694	-20.12013767662854
0.2244071928439972	-20.131725573301097
0.22821681799076246	-20.143170387819737
0.23199331554301877	-20.154805840462434
0.23573725667689346	-20.168001071982644
0.23944919792261074	-20.178362825315194
0.24312968166097831	-20.193874169954974
0.24677923659901219	-20.204297013901417
0.25039837822574285	-20.21591994834742
0.2539876092491866	-20.225984870935648
0.257547420015407	-20.240903861448935
0.2610782889105402	-20.24784152737761
0.2645806827466108	-20.264246158260114
0.26805505713191263	-20.27159808537132
0.27150185682669237	-20.295395644919868
0.2749215160848296	-20.297239553758327
0.278314458982169	-20.31424621555405
0.2816810997321263	-20.321954189037044
0.2850218429891554	-20.33687613329109
0.28833708414063236	-20.349139498077857
0.2916272095876823	-20.359161328037334
0.2948925970154497	-20.371613296410292
0.29813361565328245	-20.38903697309312
0.3013506265252802	-20.396719817586487
0.3045439826916305	-20.409445643851203
0.3077140294811371	-20.421682776650965
0.310861104715323	-20.433302075979835
0.31398553892447206	-20.446518937607657
0.3170876555559543	-20.457546621794258
0.3201677711751647	-20.47151875026406
0.3232261956593847	-20.484470618489546
0.32626323238486676	-20.494304654186344
0.3292791784074223	-20.509854528502693
0.3322743246367818	-20.518565364590227
0.3352489560049839	-20.53667132981593
0.3382033516290375	-20.544402686537968
0.34113778496808683	-20.55825839958663
0.34405252397530406	-20.568624183508987
0.34694783124471784	-20.587048450024167
0.3498239641531795	-20.596669806311724
0.35268117499766033	-20.6106033547564
0.35551971112806097	-20.618039593376714
0.3583398150757091	-20.635419332134834
0.361141724677712	-20.64687741848339
0.36392567319732294	-20.658977210906993
0.366691889440475	-20.672937129134265
0.369440597868626	-20.68277717748496
0.3721720187080556	-20.696644144030135
0.37488636805574654	-20.71215685848109
0.3775838579819774	-20.718680600160603
0.3802646966297488	-20.73368565082188
0.38292908831116057	-20.746883386041258
0.3855772336008488	-20.757940317571233
0.3882093294265932	-20.77128169674805
0.39082556915719435	-20.784598042014395
0.39342614268771975	-20.79560566093364
0.3960112365222131	-20.81131248662368
0.39858103385395666	-20.821376006446147
0.4011357146433722	-20.835447016457472
0.40367545569364494	-20.846213518376846
0.4062004307241486	-20.85901756178124
0.40871081044174823	-20.872878742421403
0.41120676261005434	-20.88447778851773
0.4136884521166986	-20.895438109580546
0.4161560410386971	-20.91143005436494
0.41860968870596854	-20.923281323893015
0.4210495517630677	-20.93406195995523
0.42347578422919363	-20.945594820317165
0.4258885375565324	-20.958563197711946
0.428287960686987	-20.972364686876002
0.4306742001073492	-20.98207888984876
0.43304739990296376	-20.99236764377215
0.4354077018099348	-21.00847794333747
0.43775524526592036	-21.017177283561793
0.44009016745956203	-21.03153249566073
0.44241260337859334	-21.040346340461177
0.44472268585666735	-21.05779299154581
0.4470205456189468	-21.06533256357965
0.4493063113264938	-21.079872538197996
0.45158010961949724	-21.084344529851712
0.45384206515937514	-21.103059612561616
0.45609230066978584	-21.11037557982293
0.4583309369765822	-21.124155761871716
0.4605580930467412	-21.132729258285774
0.46277388602630115	-21.145037719591013
0.46497843127733474	-21.15812749530371
0.4671718424139895	-21.165390569170434
0.4693542313376227	-21.177843898298363
0.4715257082710568	-21.189315477936038
0.4736863817919839	-21.198079107937954
0.47583635886554304	-21.210175071160766
0.4779757448760945	-21.217633889116243
0.48010464365821626	-21.232220778914275
0.48222315752694367	-21.23769707496709
0.4843313873072755	-21.25220297506482
0.48642943236296715	-21.26032403939775
0.48851739062463195	-21.271152794856864
0.4905953586171698	-21.279055306397225
0.49266343148654274	-21.290004772729432
0.4947217030259168	-21.30096630026088
0.49677026570118604	-21.309754147788347
0.49880921067589834	-21.31544830232399
0.5008386278355987	-21.327935681126416
0.5028586058116061	-21.33599684956465
0.5048692320042399	-21.342447944416968
0.5068705926055118	-21.353891656470836
0.5088627726212963	-21.359968945950445
0.5108458558929959	-21.370795815488364
0.512819925118713	-21.377131562211034
0.514785061873944	-21.384017342099913
0.516741346631806	-21.393279529873
0.5186888587828109	-21.399947077972183
0.5206276766541976	-21.409294272325088
0.522557877528835	-21.413915980433078
0.5244795376637064	-21.424190031929733
0.5263927323079869	-21.428517263593672
0.5282975357207247	-21.43608490832542
0.5301940211881357	-21.442772546533085
0.5320822610405226	-21.450121260414754
0.5339623266688276	-21.454305169434747
0.5358342885408284	-21.462035410955462
0.5376982162169867	-21.466906356927673
0.5395541783659578	-21.475436933817225
0.5414022427797707	-21.47951667856985
0.5432424763886861	-21.4851312848476
0.5450749452757411	-21.49138092169451
0.5468997146909884	-21.497530661139553
0.5487168490654377	-21.50073968376804
0.5505264120247062	-21.50628879063186
0.5523284664023866	-21.50984290874264
0.5541230742531381	-21.51592143920945
0.5559102968655089	-21.518961429548032
0.5576901947744947	-21.523394213922984
0.5594628277738429	-21.52832515267512
0.5612282549281045	-21.53211842859863
0.5629865345844431	-21.5346117909606
0.5647377243842066	-21.54034614265261
0.5664818812742644	-21.5415863843099
0.5682190615181202	-21.54536676588394
0.5699493207068018	-21.54792150716883
0.5716727137695359	-21.55217669918878
0.5733892949842104	-21.554617583701265
0.5750991179876332	-21.555166171465352